00000000000000100000100101000000
00000000011000100000100000000100
00000000010000110000100000100100
00000000101000000000000000001000
00000000101000001111100000001001
00000000110000000011100000001001
10101100001111111111111111110000
00100000010000011111111111111110
00111000110001000000000000010000
00111100000001011111111111110000
00101001000001111111111111111101
00010101001111111111111111111110
00001000000000000000000000000101
00100000010000011111111111111100
00110100010000010000000000000101
00000000000000000000000000000000
